0 579
0 5
0 6
0 7
0 8
0 137
0 458
0 76
0 15
0 273
0 210
0 86
0 24
0 153
0 557
0 222
0 59
0 37
0 872
0 553
0 109
0 238
0 734
0 937
0 966
0 187
0 61
0 703
1 259
1 958
1 5
1 6
1 7
1 8
1 9
1 10
1 11
1 435
1 398
1 16
1 17
1 914
1 707
1 20
1 24
1 26
1 922
1 671
1 432
1 34
1 134
1 938
1 647
1 302
1 303
1 48
1 776
1 306
1 209
1 52
1 265
1 184
1 697
1 571
1 445
1 318
1 63
1 65
1 395
1 471
1 202
1 204
1 802
1 846
1 79
1 81
1 338
1 341
1 598
1 215
1 221
1 910
1 998
1 145
1 104
1 233
1 106
1 235
1 364
1 509
1 114
1 915
1 62
1 605
1 250
1 123
1 362
1 510
2 641
2 5
2 6
2 392
2 9
2 10
2 651
2 12
2 695
2 784
2 146
2 19
2 20
2 21
2 23
2 540
2 418
2 547
2 420
2 646
2 433
2 680
2 41
2 554
2 43
2 46
2 176
2 561
2 692
2 309
2 822
2 183
2 977
2 445
2 320
2 197
2 73
2 567
2 674
2 462
2 80
2 248
2 774
2 84
2 597
2 86
2 216
2 221
2 224
2 229
2 721
2 488
2 362
2 875
2 18
2 937
2 756
2 268
2 119
2 376
3 512
3 513
3 5
3 897
3 417
3 72
3 265
3 183
3 793
3 15
3 676
3 213
3 23
3 420
3 228
3 847
3 353
3 610
3 36
3 870
3 487
3 46
3 456
3 55
3 440
3 765
3 62
3 533
4 131
4 388
4 5
4 6
4 7
4 8
4 9
4 13
4 14
4 784
4 408
4 787
4 21
4 150
4 151
4 24
4 26
4 27
4 28
4 157
4 410
4 159
4 32
4 432
4 419
4 37
4 406
4 40
4 170
4 135
4 301
4 944
4 48
4 178
4 179
4 564
4 437
4 311
4 696
4 313
4 287
4 188
4 61
4 62
4 321
4 262
4 707
4 197
4 70
4 72
4 457
4 75
4 322
4 482
4 78
4 719
4 80
4 878
4 84
4 142
4 450
4 87
4 985
4 934
4 347
4 94
4 479
4 96
4 98
4 101
4 358
4 360
4 749
4 649
4 680
4 116
4 118
4 435
4 123
5 6
5 7
5 9
5 10
5 11
5 12
5 770
5 14
5 15
5 16
5 17
5 18
5 19
5 277
5 534
5 23
5 516
5 27
5 28
5 30
5 287
5 35
5 862
5 518
5 295
5 41
5 263
5 44
5 47
5 304
5 51
5 94
5 54
5 568
5 67
5 71
5 584
5 524
5 842
5 588
5 83
5 347
5 93
5 350
5 351
5 583
5 100
5 357
5 956
5 171
5 364
5 274
5 879
5 626
5 116
5 447
5 377
5 378
5 635
5 898
5 131
5 913
5 147
5 660
5 153
5 409
5 163
5 421
5 935
5 284
5 427
5 688
5 180
5 185
5 188
5 191
5 192
5 710
5 213
5 122
5 736
5 230
5 999
5 240
5 768
5 349
5 425
5 250
5 254
6 771
6 7
6 8
6 9
6 267
6 13
6 14
6 15
6 17
6 274
6 20
6 789
6 260
6 282
6 540
6 29
6 31
6 288
6 34
6 35
6 292
6 293
6 295
6 41
6 810
6 299
6 45
6 564
6 305
6 709
6 51
6 52
6 862
6 822
6 521
6 313
6 316
6 575
6 577
6 834
6 325
6 582
6 71
6 75
6 76
6 589
6 334
6 80
6 593
6 596
6 87
6 88
6 996
6 91
6 606
6 608
6 99
6 868
6 357
6 102
6 360
6 620
6 369
6 117
6 374
6 831
6 642
6 387
6 648
6 395
6 399
6 915
6 405
6 155
6 156
6 158
6 159
6 934
6 679
6 426
6 683
6 429
6 430
6 285
6 178
6 179
6 692
6 184
6 696
6 885
6 603
6 707
6 452
6 630
6 198
6 200
6 713
6 202
6 972
6 718
6 208
6 78
6 214
6 548
6 995
6 484
6 230
6 236
6 237
6 753
6 886
6 553
6 213
7 775
7 8
7 600
7 10
7 11
7 12
7 13
7 783
7 16
7 17
7 18
7 21
7 279
7 24
7 25
7 28
7 517
7 291
7 41
7 554
7 811
7 558
7 47
7 50
7 53
7 311
7 56
7 832
7 65
7 67
7 324
7 69
7 326
7 840
7 329
7 74
7 55
7 78
7 824
7 82
7 342
7 599
7 88
7 90
7 607
7 609
7 354
7 869
7 616
7 105
7 619
7 274
7 366
7 623
7 104
7 114
7 873
7 636
7 638
7 639
7 128
7 387
7 648
7 393
7 907
7 908
7 109
7 146
7 660
7 661
7 922
7 928
7 161
7 676
7 688
7 434
7 947
7 180
7 441
7 443
7 799
7 971
7 452
7 453
7 201
7 203
7 462
7 467
7 334
7 470
7 249
7 732
7 979
7 223
7 763
7 495
7 752
7 498
7 243
7 505
7 251
7 255
8 130
8 905
8 525
8 14
8 16
8 19
8 21
8 345
8 26
8 924
8 157
8 161
8 291
8 548
8 134
8 38
8 551
8 297
8 42
8 172
8 563
8 180
8 57
8 186
8 863
8 60
8 64
8 193
8 66
8 68
8 70
8 455
8 586
8 715
8 845
8 590
8 480
8 41
8 214
8 87
8 169
8 58
8 94
8 741
8 96
8 226
8 100
8 550
8 619
8 621
8 494
8 937
8 595
8 89
8 375
8 121
8 992
8 379
8 382
8 85
9 10
9 11
9 12
9 13
9 14
9 15
9 17
9 18
9 19
9 22
9 23
9 25
9 27
9 28
9 29
9 31
9 33
9 35
9 37
9 38
9 555
9 47
9 51
9 854
9 54
9 312
9 58
9 59
9 60
9 650
9 574
9 576
9 578
9 68
9 583
9 72
9 591
9 80
9 81
9 594
9 99
9 85
9 342
9 855
9 346
9 91
9 606
9 95
9 866
9 611
9 316
9 365
9 110
9 111
9 115
9 886
9 125
9 904
9 394
9 140
9 141
9 399
9 406
9 410
9 412
9 157
9 162
9 795
9 420
9 165
9 425
9 172
9 173
9 687
9 691
9 952
9 448
9 194
9 707
9 968
9 262
9 205
9 718
9 976
9 547
9 217
9 219
9 989
9 480
9 487
9 338
9 758
9 248
9 507
10 458
10 11
10 12
10 130
10 13
10 593
10 789
10 342
10 815
10 557
10 94
10 608
10 432
10 278
10 547
10 164
10 653
10 39
10 296
10 105
10 809
10 44
10 173
10 957
10 559
10 112
10 242
10 30
10 609
10 632
10 700
10 701
10 446
11 258
11 259
11 900
11 929
11 140
11 526
11 339
11 981
11 406
11 25
11 922
11 92
11 29
11 30
11 96
11 481
11 290
11 928
11 38
11 881
11 617
11 940
11 366
11 477
11 561
11 53
11 122
11 379
11 522
12 33
12 705
12 237
12 905
12 124
12 626
12 403
12 415
12 979
12 279
12 248
12 538
12 27
12 220
12 833
12 63
13 706
13 895
13 165
13 232
13 235
13 649
13 744
13 774
13 987
13 22
13 457
13 90
13 59
13 412
13 989
13 37
14 299
14 907
14 460
14 525
14 526
14 143
14 592
14 146
14 301
14 22
14 409
14 281
14 687
14 221
14 30
14 225
14 35
14 934
14 40
14 762
14 938
14 107
14 777
14 61
14 46
14 175
14 310
14 72
14 50
14 308
14 862
14 246
14 521
14 570
14 189
14 447
15 128
15 257
15 322
15 16
15 43
15 18
15 19
15 34
15 279
15 920
15 154
15 543
15 161
15 290
15 347
15 39
15 40
15 42
15 171
15 45
15 46
15 944
15 818
15 565
15 310
15 55
15 569
15 315
15 188
15 319
15 66
15 985
15 162
15 335
15 465
15 675
15 212
15 89
15 91
15 354
15 355
15 232
15 572
15 108
15 238
15 552
15 498
15 115
15 760
15 63
15 894
16 130
16 644
16 729
16 139
16 268
16 656
16 20
16 21
16 22
16 407
16 920
16 153
16 33
16 36
16 549
16 678
16 945
16 129
16 682
16 45
16 48
16 49
16 57
16 54
16 40
16 392
16 569
16 954
16 769
16 575
16 704
16 66
16 579
16 966
16 535
16 331
16 205
16 215
16 601
16 858
16 351
16 97
16 610
16 813
16 998
16 618
16 747
16 113
16 343
17 66
17 247
17 400
17 20
17 22
17 791
17 24
17 676
17 283
17 669
17 101
17 864
17 100
17 582
17 294
17 170
17 174
17 305
17 702
17 567
17 134
18 385
18 390
18 395
18 130
18 144
18 145
18 323
18 23
18 31
18 32
18 33
18 859
18 676
18 549
18 38
18 295
18 428
18 45
18 814
18 172
18 565
18 912
18 826
18 190
18 880
18 67
18 325
18 198
18 993
18 74
18 203
18 591
18 340
18 86
18 271
18 988
18 990
18 351
18 400
18 740
18 869
18 490
18 620
18 493
18 112
18 635
18 509
19 64
19 129
19 131
19 132
19 391
19 74
19 395
19 807
19 906
19 144
19 464
19 465
19 323
19 933
19 728
19 49
19 731
19 670
19 133
19 97
19 651
19 421
19 103
19 40
19 489
19 713
19 647
19 176
19 305
19 52
19 694
19 393
19 692
19 762
19 827
19 317
19 255
20 32
20 644
20 264
20 138
20 203
20 684
20 98
20 301
20 852
20 25
20 282
20 636
20 570
20 286
21 195
21 70
21 523
21 386
21 717
21 273
21 212
21 25
21 324
21 50
21 39
21 636
21 876
21 493
21 495
21 749
21 178
21 56
21 59
21 124
22 64
22 192
22 132
22 135
22 73
22 989
22 139
22 332
22 466
22 430
22 334
22 278
22 151
22 88
22 26
22 27
22 476
22 90
22 159
22 480
22 865
22 603
22 567
22 732
22 711
22 365
22 110
22 320
22 368
22 434
22 53
22 543
22 890
22 379
22 62
23 516
23 263
23 550
23 664
23 148
23 137
23 982
23 606
23 30
23 800
23 33
23 162
23 35
23 36
23 38
23 39
23 296
23 476
23 42
23 519
23 428
23 429
23 307
23 463
23 51
23 422
23 183
23 56
23 185
23 58
23 187
23 190
23 295
23 192
23 971
23 326
23 584
23 714
23 203
23 79
23 81
23 850
23 84
23 821
23 86
23 377
23 88
23 345
23 591
23 219
23 220
23 477
23 485
23 95
23 604
23 59
23 100
23 357
23 359
23 104
23 107
23 492
23 498
23 370
23 859
23 629
23 55
23 250
23 127
23 254
23 255
24 129
24 138
24 148
24 277
24 925
24 768
24 31
24 160
24 112
24 34
24 291
24 244
24 936
24 298
24 178
24 306
24 51
24 158
24 88
24 188
24 949
24 64
24 65
24 580
24 69
24 327
24 76
24 953
24 600
24 349
24 869
24 611
24 356
24 229
24 60
24 363
24 495
24 368
24 499
24 500
24 117
24 293
25 644
25 69
25 136
25 973
25 847
25 273
25 274
25 537
25 26
25 29
25 607
25 166
25 359
25 104
25 235
25 82
25 50
25 309
25 57
25 959
25 253
25 446
25 127
26 342
26 961
26 522
26 207
26 46
26 347
26 541
26 670
26 489
26 686
26 29
26 990
26 951
26 633
26 634
26 572
26 622
27 896
27 138
27 267
27 141
27 272
27 273
27 276
27 410
27 283
27 28
27 154
27 798
27 31
27 32
27 667
27 166
27 540
27 43
27 413
27 176
27 305
27 441
27 266
27 192
27 194
27 139
27 68
27 69
27 72
27 459
27 716
27 77
27 975
27 209
27 118
27 470
27 706
27 730
27 93
27 865
27 587
27 102
27 876
27 237
27 840
27 756
27 245
27 246
27 121
27 477
27 511
27 383
28 704
28 70
28 343
28 908
28 206
28 975
28 785
28 786
28 276
28 958
28 150
28 313
28 216
28 93
28 849
28 830
28 36
28 101
28 39
28 60
28 234
28 199
28 237
28 496
28 113
28 646
28 631
28 120
28 121
28 507
28 252
28 318
29 386
29 131
29 136
29 524
29 47
29 284
29 287
29 161
29 34
29 932
29 294
29 168
29 169
29 170
29 43
29 300
29 173
29 174
29 44
29 49
29 969
29 585
29 799
29 65
29 195
29 201
29 75
29 848
29 81
29 82
29 723
29 468
29 224
29 99
29 612
29 613
29 102
29 231
29 125
29 637
29 253
29 126
30 96
30 643
30 964
30 736
30 398
30 220
30 413
30 159
30 32
30 932
30 103
30 233
30 236
30 142
30 241
30 372
30 57
30 118
30 55
30 52
30 863
30 149
31 136
31 138
31 147
31 790
31 279
31 284
31 797
31 185
31 159
31 943
31 37
31 428
31 301
31 47
31 559
31 177
31 948
31 393
31 184
31 57
31 58
31 189
31 394
31 959
31 193
31 197
31 455
31 75
31 354
31 336
31 81
31 471
31 603
31 464
31 482
31 742
31 486
31 360
31 489
31 618
31 109
31 238
31 114
31 627
31 958
31 630
32 384
32 321
32 130
32 771
32 389
32 200
32 717
32 590
32 402
32 147
32 152
32 132
32 986
32 95
32 98
32 807
32 264
32 723
32 990
32 378
32 958
33 662
33 522
33 119
33 204
33 80
33 340
33 406
33 408
33 91
33 349
33 798
33 352
33 411
33 296
33 107
33 108
33 978
33 366
33 496
33 434
33 243
33 568
33 506
33 575
33 247
34 320
34 453
34 513
34 777
34 256
34 400
34 466
34 403
34 981
34 854
34 411
34 991
34 735
34 678
34 103
34 874
34 429
34 48
34 753
34 373
34 54
34 955
34 63
35 256
35 65
35 195
35 964
35 257
35 136
35 842
35 78
35 463
35 531
35 337
35 149
35 90
35 303
35 92
35 797
35 229
35 481
35 507
35 36
35 134
35 102
35 999
35 42
35 812
35 173
35 110
35 175
35 801
35 307
35 53
35 521
35 251
35 124
35 509
35 447
36 224
36 400
36 834
36 439
36 103
36 43
36 431
36 49
36 468
36 314
36 443
36 605
37 323
37 68
37 133
37 456
37 76
37 338
37 771
37 916
37 726
37 219
37 156
37 925
37 610
37 421
37 476
37 42
37 517
37 45
37 111
37 240
37 177
37 50
37 243
37 565
37 617
37 722
37 697
37 997
38 928
38 706
38 587
38 790
38 391
38 143
38 611
38 739
38 214
38 216
38 79
38 796
38 605
38 901
38 352
38 99
38 484
38 615
38 519
38 300
38 946
38 303
38 48
38 49
38 242
38 723
38 116
38 183
38 628
38 955
38 253
38 766
38 767
39 384
39 66
39 451
39 132
39 655
39 144
39 146
39 595
39 86
39 152
39 143
39 288
39 355
39 358
39 294
39 427
39 751
39 115
39 373
39 54
39 765
39 62
39 853
40 587
40 755
40 71
40 266
40 567
40 533
40 77
40 145
40 84
40 270
40 534
40 87
40 412
40 225
40 419
40 401
40 551
40 823
40 243
40 52
40 757
40 119
40 656
40 63
40 85
41 139
41 145
41 914
41 686
41 151
41 921
41 602
41 284
41 935
41 681
41 110
41 712
41 754
41 372
41 245
41 297
41 312
41 953
41 762
41 443
41 894
42 135
42 267
42 141
42 568
42 211
42 667
42 58
42 158
42 415
42 96
42 828
42 44
42 493
42 878
42 244
42 117
42 56
42 186
42 60
42 61
43 384
43 835
43 262
43 971
43 614
43 528
43 659
43 853
43 857
43 356
43 461
43 414
43 816
43 738
43 422
43 166
43 105
43 106
43 44
43 624
43 127
43 189
43 191
44 491
44 455
44 215
44 590
44 783
44 142
44 87
44 911
44 350
44 763
44 229
44 553
44 172
44 882
44 123
44 74
44 694
44 443
44 61
45 384
45 836
45 712
45 73
45 76
45 593
45 661
45 655
45 671
45 545
45 550
45 167
45 424
45 810
45 840
45 115
45 756
45 437
45 121
45 895
46 69
46 841
46 514
46 339
46 171
46 662
46 983
46 153
46 155
46 668
46 222
46 621
46 97
46 292
46 805
46 422
46 558
46 746
46 363
46 109
46 366
46 943
46 158
46 566
46 184
46 255
46 829
46 319
47 256
47 577
47 260
47 136
47 683
47 493
47 623
47 79
47 851
47 56
47 217
47 412
47 123
47 348
48 331
48 300
49 232
49 436
50 160
50 672
50 162
50 828
50 764
50 842
50 855
50 809
50 978
50 535
50 922
50 540
50 213
51 129
51 875
51 71
51 459
51 524
51 695
51 527
51 82
51 89
51 478
51 965
51 738
51 106
51 798
51 941
51 304
51 113
51 242
51 53
51 503
51 700
51 445
51 511
52 67
52 964
52 648
52 716
52 269
52 146
52 791
52 409
52 285
52 805
52 166
52 617
52 107
52 236
52 301
52 174
52 879
52 112
52 497
52 211
53 64
53 385
53 258
53 662
53 73
53 75
53 141
53 206
53 589
53 144
53 216
53 675
53 84
53 85
53 280
53 89
53 929
53 587
53 380
53 71
53 300
53 557
53 112
53 564
53 437
53 649
53 696
53 252
53 189
54 354
54 77
54 529
54 852
54 254
54 600
54 345
54 155
54 540
54 478
54 737
54 875
54 679
54 430
54 883
54 117
54 446
55 549
55 457
55 362
55 679
55 483
55 111
55 945
55 131
55 901
55 414
55 837
55 152
55 409
55 591
55 202
55 95
56 129
56 230
56 107
56 108
56 365
56 175
56 664
56 735
56 408
56 282
56 222
56 607
57 640
57 304
57 995
57 196
57 601
57 167
57 519
57 621
57 751
57 692
57 405
57 278
57 375
57 666
57 223
58 544
58 324
58 263
58 215
58 759
58 429
58 349
58 689
58 156
58 484
58 972
58 188
58 106
59 321
59 355
59 967
59 936
59 394
59 956
59 77
59 210
59 83
59 632
59 474
59 572
60 603
60 900
60 389
60 70
60 584
60 397
60 904
60 83
60 725
60 89
60 90
60 91
60 282
60 99
60 997
60 230
60 625
60 92
60 490
60 555
60 815
60 329
60 124
62 834
62 470
62 424
62 938
62 135
62 812
62 370
62 269
62 114
62 440
62 857
62 730
62 891
62 882
62 638
63 83
63 225
63 122
63 535
64 450
64 196
64 197
64 135
64 330
64 971
64 844
64 461
64 782
64 474
64 155
64 350
64 161
64 164
64 677
64 102
64 169
64 627
64 116
64 125
65 132
65 488
65 225
65 529
65 968
65 118
65 759
66 67
66 182
66 616
66 241
66 769
67 321
67 68
67 585
67 779
67 758
67 77
67 207
67 849
67 535
67 152
67 221
67 799
67 100
67 101
67 169
67 775
67 753
67 969
67 502
67 631
67 249
67 701
68 960
68 386
68 235
68 108
68 142
68 797
68 208
68 709
68 309
68 735
68 317
68 382
68 447
69 515
69 326
69 392
69 329
69 970
69 923
69 269
69 270
69 461
69 976
69 337
69 83
69 953
69 217
69 803
69 223
69 289
69 155
69 883
69 801
69 691
69 181
69 73
69 185
69 315
69 317
69 318
70 833
70 323
70 133
70 556
70 621
70 79
70 344
70 148
70 149
70 214
70 921
70 152
70 345
70 233
70 93
70 95
70 425
70 98
70 879
70 85
70 845
70 232
70 105
70 874
70 171
70 492
70 557
70 111
70 285
70 382
70 374
70 183
70 825
70 190
71 718
71 289
71 147
71 449
71 74
71 551
71 516
71 280
71 260
71 954
71 767
71 897
71 622
71 126
71 293
72 655
72 176
72 625
72 306
72 503
72 120
72 190
72 479
73 257
73 515
73 325
73 997
73 778
73 503
73 204
73 78
73 208
73 82
73 277
73 101
73 162
73 611
73 164
73 229
73 294
73 872
73 843
73 598
73 686
73 367
73 884
73 246
73 119
73 315
73 895
74 204
74 397
74 721
74 367
74 148
74 599
74 539
74 97
74 163
74 932
74 806
74 657
74 749
74 711
74 623
74 283
74 673
74 442
74 892
75 806
75 630
75 232
75 106
75 492
75 530
75 402
75 211
75 276
75 374
75 692
75 708
75 221
76 321
76 609
76 137
76 674
76 398
76 143
76 536
76 793
76 345
76 154
76 539
76 286
76 479
76 608
76 289
76 290
76 806
76 487
76 600
76 169
76 945
76 244
76 373
76 374
76 641
76 543
76 250
76 123
76 444
76 134
77 929
77 175
77 435
77 399
77 643
77 628
77 506
78 832
78 448
78 195
78 968
78 523
78 845
78 914
78 211
78 730
78 92
78 94
78 351
78 416
78 97
78 680
78 311
78 312
78 122
78 801
79 128
79 231
79 200
79 431
79 140
79 654
79 904
79 114
79 403
79 181
79 154
79 187
79 573
79 437
80 390
80 289
80 202
80 327
80 566
80 473
80 602
80 573
80 865
81 256
81 259
81 517
81 137
81 139
81 994
81 334
81 143
81 515
81 596
81 729
81 218
81 939
81 941
81 746
81 427
81 109
81 882
81 504
81 186
82 128
82 198
82 138
82 327
82 684
82 690
82 239
82 272
82 274
82 788
82 437
82 696
82 948
82 287
83 196
83 453
83 199
83 298
83 459
83 560
83 438
83 727
83 728
83 538
84 288
84 788
84 108
84 382
84 127
85 672
85 424
85 502
85 469
85 397
85 413
85 710
85 113
85 338
85 436
85 122
85 282
85 181
86 450
86 196
86 534
86 314
86 298
86 816
87 357
87 377
87 808
88 385
88 930
88 558
88 787
88 821
88 119
88 731
88 199
89 103
89 520
89 877
89 305
89 377
89 92
89 222
90 982
90 518
90 713
90 330
90 333
90 210
90 227
90 93
90 589
90 168
90 173
90 110
90 360
90 690
90 115
90 885
90 722
90 125
91 667
91 612
91 646
91 234
91 715
91 909
91 206
91 369
91 846
91 149
91 343
91 121
91 218
91 156
92 898
92 292
92 680
92 797
92 433
92 163
92 340
92 213
92 310
92 313
92 477
93 448
93 546
93 923
93 797
93 940
93 142
93 527
93 560
93 753
93 722
93 245
93 250
93 346
93 381
93 286
94 741
94 194
94 198
94 908
94 652
94 962
94 591
94 208
94 401
94 275
94 494
94 261
94 416
94 144
94 262
94 550
94 359
94 168
94 682
94 999
94 302
94 754
94 563
94 564
94 117
94 118
94 632
94 927
94 124
94 725
95 98
95 951
95 460
95 578
95 657
95 178
95 245
95 734
96 705
96 133
96 520
96 231
96 296
96 268
96 461
96 774
96 372
96 902
96 856
96 217
96 906
97 784
97 420
97 211
97 392
97 714
97 174
97 468
97 932
97 986
97 252
97 285
98 258
98 645
98 464
98 917
98 151
98 281
98 926
98 228
98 614
98 620
98 111
98 881
98 436
98 247
98 634
98 699
98 701
98 126
99 799
99 226
99 104
99 290
99 258
99 271
99 947
99 431
99 158
99 166
100 544
100 418
100 141
100 526
100 495
100 163
100 948
100 220
100 254
100 296
101 353
101 408
101 451
101 105
101 473
101 368
101 179
101 344
101 120
101 156
101 745
101 361
102 325
102 177
102 330
102 891
102 525
102 239
102 145
102 643
102 698
102 575
103 960
103 928
103 579
103 389
103 802
103 462
103 277
103 987
103 541
103 735
103 224
103 488
103 553
103 234
103 939
103 113
103 309
103 571
103 253
104 206
104 210
104 275
104 598
104 286
104 992
104 807
104 616
104 745
104 125
104 500
104 757
104 186
104 191
104 445
104 510
104 629
105 838
105 452
105 441
105 988
105 510
106 171
106 231
106 200
106 499
106 237
106 335
106 272
106 417
106 407
106 472
106 314
106 465
106 348
106 767
107 448
107 212
107 120
107 199
107 554
107 651
107 652
107 337
107 793
107 180
107 415
107 703
107 126
107 383
108 256
108 706
108 547
108 910
108 520
108 238
108 945
108 174
108 217
108 378
108 893
108 190
109 486
109 796
109 167
109 335
109 271
109 411
109 476
109 605
110 128
110 865
110 164
110 299
110 401
110 275
110 308
110 804
110 191
111 165
111 836
111 293
111 199
111 749
111 986
111 600
111 218
111 255
111 314
112 192
112 241
112 832
112 249
112 267
112 194
113 368
113 958
113 566
113 303
113 854
113 887
113 673
113 542
114 384
114 228
114 359
114 328
114 170
114 268
114 750
114 401
114 241
114 480
115 157
115 835
115 399
115 116
115 293
115 271
116 231
116 486
116 234
116 151
116 452
116 807
116 722
116 180
116 565
116 311
116 371
116 404
116 539
116 381
116 917
116 575
117 417
117 450
117 262
117 332
117 307
117 214
117 120
117 187
117 150
117 127
118 816
119 758
119 326
119 455
119 747
119 632
119 216
119 210
119 310
119 790
120 880
120 245
120 457
121 921
121 385
121 375
121 668
121 792
122 931
122 261
122 205
122 276
122 281
122 442
122 411
123 808
123 684
123 362
123 140
123 184
123 509
123 894
123 319
124 611
124 228
124 455
124 764
124 177
124 657
124 949
124 635
124 126
124 757
125 193
125 402
125 560
125 471
125 583
125 444
126 227
126 796
126 361
126 733
126 242
126 276
126 280
126 473
126 186
126 542
126 861
127 736
127 258
127 323
127 935
127 137
127 404
127 781
127 746
127 239
127 176
127 967
127 297
128 717
128 228
128 360
128 658
128 270
128 179
128 664
128 191
129 545
129 410
129 430
130 150
130 657
130 624
130 795
130 801
131 672
131 514
131 297
131 170
131 311
131 205
131 637
131 528
131 246
131 133
132 419
132 277
132 481
132 875
132 209
132 579
132 916
132 309
132 182
132 984
132 836
132 883
132 757
132 383
133 609
133 201
133 523
133 236
133 846
133 285
133 823
133 788
133 755
133 538
133 251
133 157
133 731
134 240
134 892
134 665
134 193
134 238
134 335
135 259
135 197
135 582
135 713
135 331
135 588
135 291
135 919
135 747
135 535
135 227
135 167
135 423
135 364
135 948
135 675
135 438
135 376
135 253
136 388
136 581
136 967
136 201
136 683
136 654
136 817
136 690
136 154
137 513
137 802
137 515
137 698
137 200
137 491
137 140
137 743
137 663
137 147
137 980
137 150
137 218
137 265
137 317
138 160
138 961
138 459
138 555
138 207
138 752
138 505
138 861
139 328
139 778
139 299
139 172
139 878
139 850
139 972
139 222
139 671
140 640
140 815
140 322
140 699
140 484
140 165
140 266
140 525
140 434
140 693
141 515
141 912
141 562
141 483
142 160
142 165
142 423
142 268
142 645
142 754
142 149
142 837
142 503
142 405
143 387
143 484
143 177
143 851
143 372
143 252
143 182
143 348
143 446
144 302
144 496
144 952
144 469
144 754
144 351
145 581
145 353
145 333
145 381
146 312
146 148
146 570
147 907
147 327
147 712
147 330
147 748
147 365
147 272
147 361
147 283
147 478
148 916
149 806
149 673
149 678
149 967
149 808
149 722
149 209
149 306
149 163
149 563
149 727
149 998
149 509
150 627
150 426
150 450
150 414
150 783
151 310
151 153
151 202
151 265
151 501
152 864
152 386
152 164
152 168
152 589
152 942
152 946
152 227
152 795
152 831
153 336
153 976
153 647
153 937
153 684
153 367
153 499
154 680
155 449
155 198
155 167
155 328
155 235
155 784
155 703
155 223
156 320
156 193
156 963
156 612
156 248
156 179
156 568
156 921
157 473
157 441
157 586
157 475
157 940
157 615
158 738
158 422
158 454
158 299
158 270
158 336
158 710
158 227
158 759
158 281
158 893
159 160
159 801
159 866
159 895
159 936
159 269
159 207
159 529
159 181
159 885
159 925
159 789
160 456
160 195
160 446
160 870
161 687
161 918
161 182
161 946
161 187
161 333
162 576
162 326
162 263
162 267
162 460
162 654
162 724
162 470
162 745
162 559
162 606
162 420
162 681
162 683
162 236
162 175
162 542
162 376
162 826
162 955
162 556
163 181
163 563
163 441
163 573
164 168
164 478
165 883
165 264
166 596
166 249
166 863
167 331
167 759
167 990
168 968
168 602
168 660
168 397
169 353
169 644
169 950
169 206
169 989
169 338
169 404
169 534
169 409
170 257
170 837
170 454
170 841
170 530
170 387
170 244
170 822
170 732
171 288
171 951
171 917
171 398
172 416
172 340
172 357
172 983
172 524
172 677
173 832
173 899
173 261
173 207
173 597
173 343
173 472
173 667
173 220
173 226
173 423
173 938
173 491
173 685
173 244
173 246
173 825
173 698
173 444
173 702
173 703
174 260
174 337
174 745
174 586
174 333
174 878
174 842
174 342
174 196
174 219
174 380
174 350
175 531
175 613
175 518
175 825
175 879
175 303
176 401
176 225
176 369
176 329
176 189
176 969
177 432
177 546
177 843
177 939
177 442
177 666
178 800
178 641
178 522
178 735
178 742
178 650
179 257
179 579
179 289
179 392
179 266
179 623
179 208
179 307
179 734
179 772
179 603
179 586
179 318
179 479
180 642
180 930
180 751
180 433
180 371
180 761
180 251
180 573
181 848
181 742
181 798
181 182
182 355
183 708
183 194
183 661
183 855
183 665
183 898
183 390
183 433
183 316
183 234
183 497
183 243
183 502
183 952
183 185
183 380
183 447
184 418
184 771
184 369
185 500
185 662
185 521
185 861
185 215
186 545
186 740
186 577
186 467
186 853
186 374
186 472
187 933
187 839
187 201
187 686
187 753
187 371
187 954
187 926
188 741
188 539
188 292
188 485
188 394
189 897
189 354
189 870
189 295
189 424
189 425
189 583
189 783
189 497
189 886
189 219
190 520
190 618
190 983
190 434
190 589
190 340
190 533
190 525
191 224
191 451
191 711
191 304
191 756
191 405
191 795
191 223
192 739
192 388
192 953
192 204
192 300
192 366
192 335
192 241
192 850
192 980
192 889
192 463
192 286
192 485
193 577
193 578
193 454
193 233
193 554
193 970
193 823
193 504
193 793
193 318
194 763
194 554
194 205
194 209
194 370
194 510
194 502
194 407
194 379
195 449
195 580
195 718
195 264
196 962
196 660
196 485
196 332
196 445
196 933
197 688
197 261
197 584
197 361
197 492
197 642
197 239
197 240
197 659
197 949
197 278
197 344
197 292
197 474
197 431
198 496
198 823
198 539
198 402
198 393
198 271
199 449
199 322
199 675
199 641
199 860
199 396
199 984
200 710
200 203
200 528
200 339
200 501
200 507
200 746
200 638
200 479
201 700
201 537
201 474
201 524
201 819
202 226
202 747
202 778
202 263
203 288
203 290
203 537
203 393
203 970
203 780
203 786
203 861
203 528
203 881
203 373
203 212
203 381
204 226
204 488
205 618
205 580
205 594
205 472
205 731
205 330
206 328
206 827
206 308
206 804
207 498
207 679
207 553
207 871
208 619
208 396
208 462
208 212
208 565
208 886
208 868
208 356
208 829
208 341
209 583
209 737
209 380
209 871
209 876
209 685
209 973
209 720
209 254
209 851
209 378
209 444
209 638
209 725
210 601
210 265
210 493
211 259
211 356
211 551
211 425
211 364
211 690
211 376
212 720
212 468
212 358
212 745
213 962
213 802
213 617
213 298
213 507
213 562
214 552
214 838
215 261
215 649
215 218
216 481
216 755
216 388
216 426
216 363
216 538
217 552
217 362
217 699
217 476
217 302
218 352
218 475
218 327
218 233
218 427
218 428
218 371
218 329
219 947
219 637
220 273
220 911
220 860
220 506
220 839
220 239
221 308
221 266
221 588
221 893
221 991
222 260
222 453
222 654
222 242
222 919
222 377
222 890
222 869
223 726
223 251
223 582
223 527
224 643
224 230
224 358
224 938
224 386
224 719
224 721
224 307
224 247
224 280
224 414
225 900
225 614
225 518
226 480
226 544
226 812
226 780
226 458
226 467
226 278
226 344
226 569
226 867
226 764
226 959
227 458
227 485
228 433
228 588
228 298
228 314
228 269
229 457
229 541
230 248
230 355
230 863
230 678
230 405
231 689
231 853
231 678
231 615
231 776
233 532
233 836
233 764
233 748
234 545
234 451
234 681
234 823
234 526
234 463
234 760
235 659
235 981
235 385
236 523
236 249
236 270
236 306
236 694
237 532
237 375
237 431
238 240
239 593
239 674
239 956
239 469
239 381
240 707
240 388
240 808
240 332
240 813
240 629
241 324
241 375
241 616
241 313
241 656
242 976
242 830
242 708
242 456
242 478
242 755
242 536
242 508
243 708
243 252
243 716
243 691
243 341
243 570
243 316
244 336
244 372
244 693
244 247
245 888
246 514
246 821
246 470
246 601
247 999
247 650
247 459
247 814
247 438
247 888
247 315
247 415
248 897
248 581
248 850
248 531
248 694
248 762
248 635
248 989
249 834
249 428
249 974
249 337
249 627
249 341
249 284
249 988
250 536
250 844
250 965
250 363
250 877
251 734
251 584
251 281
251 511
251 631
252 264
252 796
252 283
253 464
253 609
253 860
254 418
254 787
254 779
254 558
255 627
255 356
255 942
255 996
255 835
256 688
256 287
256 395
257 658
257 997
257 668
258 503
258 418
259 949
260 387
260 334
260 617
261 608
261 866
261 585
261 942
261 272
261 473
261 538
261 346
262 416
262 487
262 407
262 561
262 594
262 790
262 279
262 452
262 932
263 544
263 800
263 488
263 567
263 744
263 529
263 786
263 275
263 442
263 383
264 986
264 419
264 751
265 454
265 743
266 640
266 864
266 674
266 294
266 993
266 371
266 462
266 786
266 571
267 417
267 960
267 846
267 597
267 396
267 430
269 946
269 275
269 887
269 469
269 383
269 685
270 475
270 618
270 315
270 622
270 901
271 685
271 487
271 367
271 528
271 918
271 505
271 346
271 410
272 986
273 880
273 427
273 439
273 824
273 573
273 844
274 594
275 578
275 867
275 486
275 361
275 843
275 909
275 913
275 724
275 923
275 541
276 352
276 916
276 889
277 957
278 454
278 615
278 370
278 973
278 624
278 466
278 280
278 413
280 950
280 396
280 661
280 339
280 376
280 859
280 767
281 398
281 828
281 570
282 546
282 803
282 871
282 365
282 527
282 465
282 981
283 336
283 724
283 902
283 668
284 530
284 419
284 580
284 991
286 370
286 674
286 697
286 770
286 863
286 733
287 736
287 970
287 727
287 472
287 788
287 490
288 320
288 523
288 866
288 291
288 391
288 325
288 297
288 460
288 429
288 532
288 559
288 624
288 825
288 308
288 826
288 511
289 328
289 837
290 546
290 389
290 966
290 715
290 963
291 465
291 739
291 811
291 414
291 672
291 350
292 687
292 533
294 304
294 977
294 537
294 779
294 653
295 984
295 732
295 810
295 572
296 406
296 312
297 359
297 491
297 987
298 440
298 793
298 585
298 983
298 302
299 822
299 331
299 748
299 785
299 854
299 693
299 438
299 795
299 622
299 341
300 368
300 324
300 551
300 924
300 743
300 856
300 499
300 468
300 824
300 915
300 798
300 848
301 486
302 819
302 740
302 505
302 899
302 474
302 847
303 352
303 426
304 914
304 899
305 516
305 517
305 813
305 973
305 566
305 787
305 613
306 588
306 852
306 760
306 665
306 858
306 604
306 349
307 608
307 859
307 673
307 873
307 522
307 812
307 435
307 974
307 408
307 737
307 348
307 979
308 347
308 902
308 616
308 639
308 333
308 369
308 664
308 857
308 475
308 638
308 319
309 715
309 422
309 436
309 346
309 322
310 834
310 483
310 363
310 624
310 658
310 931
310 628
310 348
311 512
311 821
311 339
311 701
312 884
312 794
312 711
312 743
313 448
313 585
314 610
314 909
314 937
314 684
314 706
314 317
314 500
314 541
315 657
315 773
315 504
315 893
315 316
315 492
316 391
316 811
316 780
316 574
316 499
317 896
317 500
317 319
318 483
319 817
319 772
319 604
321 402
321 790
321 599
321 812
321 461
322 887
322 552
322 901
322 727
323 661
323 665
323 874
323 702
324 466
324 737
324 602
324 463
325 397
325 965
326 568
326 819
326 710
327 768
327 353
327 642
327 358
327 614
327 513
327 776
327 655
327 595
327 858
329 827
329 644
329 666
329 731
329 378
329 511
330 578
331 552
331 556
331 332
331 936
331 658
331 981
331 630
331 344
331 889
332 833
332 811
332 391
332 926
333 893
334 496
334 889
334 925
335 653
335 820
335 695
336 581
336 918
337 738
337 712
337 811
337 364
337 367
337 776
337 404
337 443
337 411
338 833
338 343
338 777
338 495
338 497
338 723
338 602
338 527
339 651
340 631
340 658
340 909
341 546
341 614
341 813
341 494
342 432
342 851
342 803
344 768
344 574
345 592
345 913
345 482
345 556
345 407
345 637
346 442
347 389
347 556
348 717
349 862
350 396
350 764
350 415
351 612
351 663
351 711
351 421
352 449
352 728
352 619
352 621
352 542
353 993
353 651
354 497
354 810
354 652
355 373
356 931
356 490
356 980
356 597
356 631
356 766
356 607
357 633
358 774
358 572
359 704
359 961
359 645
359 390
359 818
359 733
361 920
361 460
362 803
362 504
363 416
363 733
363 996
363 593
363 717
363 944
363 529
363 726
363 634
364 640
364 998
364 855
364 451
364 549
366 784
366 791
367 837
368 514
368 456
368 394
368 912
368 531
368 505
368 444
368 959
369 871
370 633
370 951
370 423
371 421
371 519
371 412
371 912
371 721
371 794
371 636
372 467
372 888
373 563
373 404
373 950
373 471
373 952
373 974
374 576
374 802
375 512
375 547
375 856
375 562
375 532
375 792
375 380
376 424
376 956
376 403
376 399
376 856
376 828
376 574
377 963
377 639
377 426
377 501
378 514
378 838
378 423
378 634
378 379
378 974
379 390
379 943
379 403
379 979
379 599
379 569
379 382
380 481
380 489
382 705
382 413
382 894
383 828
384 705
384 698
384 510
385 904
385 502
385 506
385 530
385 590
386 752
386 804
386 596
386 778
386 542
386 671
387 601
387 681
388 677
388 646
388 729
388 765
389 598
389 682
390 830
390 815
391 960
391 772
391 647
391 440
392 961
392 489
392 782
392 595
392 439
392 702
392 639
393 683
394 766
395 926
397 400
397 859
397 941
399 808
399 667
400 417
402 519
402 792
402 762
402 494
403 891
403 804
403 471
404 955
405 721
405 817
407 970
407 716
407 993
407 636
407 906
409 467
409 491
410 592
410 839
410 435
410 571
410 439
411 466
411 548
411 758
411 666
411 508
411 559
412 501
412 857
413 656
413 896
413 516
413 679
413 666
414 576
414 436
414 439
415 939
417 699
418 973
419 672
419 867
419 501
419 872
420 760
421 871
422 482
422 782
422 925
423 670
423 758
423 555
424 669
424 677
424 994
424 508
425 562
425 596
425 995
426 704
426 946
426 637
427 962
427 660
427 713
427 777
428 673
428 732
430 860
430 477
430 742
431 561
431 508
432 726
432 633
432 577
433 576
433 597
433 438
433 954
434 440
434 604
435 746
435 508
435 750
436 913
437 729
437 506
439 498
440 566
440 648
441 536
441 796
442 548
442 855
443 690
443 875
443 744
443 839
443 877
444 709
444 612
444 453
444 794
444 923
445 821
446 464
446 580
446 841
447 512
447 964
447 483
448 606
449 645
450 992
451 820
451 686
452 850
452 458
452 555
453 976
453 776
454 895
454 748
454 543
455 805
455 902
456 979
457 560
458 984
458 939
458 521
458 595
458 988
458 794
459 900
459 494
459 889
459 475
460 655
460 818
462 504
463 720
463 564
463 749
464 512
464 469
464 985
464 949
464 829
464 629
465 896
465 613
465 963
465 700
465 590
466 587
466 727
466 490
467 628
467 724
467 549
468 665
469 630
469 982
470 902
470 845
471 720
471 815
471 670
472 868
472 543
473 912
473 772
473 792
473 777
473 924
473 517
474 778
476 544
476 770
476 659
477 482
477 533
477 860
478 688
478 536
478 518
478 520
478 826
478 838
479 537
480 571
480 862
481 752
481 786
482 548
483 534
484 940
485 852
485 620
485 927
486 751
486 639
487 911
489 771
489 957
490 905
490 814
492 992
492 626
492 574
492 741
493 987
493 726
493 743
493 703
493 619
494 526
494 677
495 592
495 782
496 687
497 675
497 581
497 712
497 650
497 844
498 562
500 640
500 807
501 532
501 663
502 622
504 929
505 704
505 739
505 847
505 972
506 854
506 779
507 775
507 693
508 513
508 888
508 903
508 698
510 730
511 689
511 856
511 695
511 607
512 635
513 613
513 550
514 569
515 598
516 754
516 625
517 800
517 652
518 978
518 625
518 668
519 545
519 971
519 991
520 641
520 770
521 873
521 927
523 965
523 917
523 586
524 994
524 884
524 728
524 763
524 719
526 605
527 646
527 648
528 709
528 663
529 530
529 531
529 767
529 558
530 694
530 582
530 773
531 888
531 919
533 885
534 978
535 819
538 952
538 955
538 662
538 911
538 877
539 714
542 917
542 729
542 714
542 780
542 783
544 656
544 650
544 604
544 594
544 910
545 557
545 705
545 884
545 744
545 761
545 766
546 881
546 927
546 725
547 689
547 649
547 791
548 769
548 804
548 908
548 944
548 561
548 818
548 700
549 831
551 626
551 867
552 903
552 634
554 774
554 957
555 652
555 908
555 654
556 785
556 669
558 682
559 560
559 867
559 775
559 977
559 930
560 623
561 880
561 916
563 736
563 761
564 739
564 615
565 629
568 794
569 592
569 708
569 901
569 750
570 643
570 653
570 847
570 920
570 899
570 701
570 670
572 799
572 941
574 885
574 874
576 864
576 882
576 818
577 772
577 822
577 920
578 599
579 977
579 632
579 892
583 951
583 769
583 924
583 891
583 876
585 691
585 890
585 831
586 960
586 663
586 633
587 744
588 728
588 791
589 681
589 911
590 642
590 935
591 723
591 702
593 714
594 936
595 848
595 626
595 628
595 740
595 676
596 697
597 671
599 944
599 899
599 972
602 625
602 787
602 923
603 817
603 740
603 759
603 825
604 647
606 689
606 792
606 610
607 773
607 964
607 942
608 653
609 928
609 991
609 669
613 696
613 906
613 716
616 645
616 858
616 766
617 896
617 969
617 934
617 695
617 773
618 664
619 620
622 761
623 922
626 730
626 841
626 789
629 761
629 763
629 748
630 691
633 864
633 734
634 782
635 840
636 697
638 849
638 715
640 750
640 982
640 852
641 820
641 892
641 781
642 693
643 881
643 733
644 810
646 977
646 738
647 824
647 892
648 720
648 659
648 974
649 785
651 699
651 998
652 819
653 829
653 682
654 685
656 865
657 988
657 873
657 898
658 950
660 769
660 820
660 781
660 789
661 890
661 940
663 724
663 886
663 779
664 669
665 806
665 757
665 995
666 816
666 755
666 963
666 941
666 719
667 978
670 773
671 719
674 770
675 891
675 868
676 929
678 884
679 907
679 869
679 948
679 857
679 805
679 839
681 935
682 741
682 870
683 849
684 718
684 927
685 832
685 725
686 742
688 933
689 768
692 709
692 831
693 903
695 945
697 814
697 933
699 965
699 994
700 820
705 853
706 845
707 966
709 750
710 844
712 947
713 809
714 966
715 870
716 843
721 873
721 915
721 994
723 785
724 747
724 756
726 781
728 765
730 829
731 737
732 780
734 882
736 833
738 803
739 943
740 775
741 809
743 849
743 967
745 752
745 840
745 957
746 765
747 898
747 805
748 760
750 788
751 830
752 861
753 915
755 809
756 848
758 817
758 841
760 943
762 982
763 980
763 890
764 813
765 942
766 910
768 953
770 824
770 846
770 872
772 918
772 835
772 919
773 931
775 827
775 876
777 800
778 826
779 781
780 909
782 905
784 816
784 887
784 962
784 959
785 985
785 835
787 980
788 843
790 866
790 947
794 984
796 907
796 877
802 918
806 851
807 814
808 836
809 838
810 858
811 921
811 900
812 868
813 914
813 883
814 880
815 887
817 830
825 827
826 842
831 995
832 934
833 903
833 904
835 987
837 961
840 878
851 874
858 968
860 969
862 913
862 872
862 924
866 906
868 897
874 879
877 950
877 926
880 975
883 930
883 954
884 894
885 956
891 919
891 903
892 931
894 992
895 983
897 905
905 999
909 910
912 996
912 975
912 930
921 985
943 975
949 993
951 997
955 990
985 996
