0 240
0 344
0 455
0 520
0 103
0 43
0 770
1 145
1 394
2 608
2 642
2 989
2 302
3 258
3 723
3 845
3 142
4 768
4 165
4 696
4 969
4 130
5 455
5 970
5 719
5 543
6 892
6 565
6 342
6 927
7 921
7 714
7 124
8 640
8 535
8 271
9 625
9 132
9 452
9 589
10 771
10 213
10 458
11 480
11 966
11 503
12 87
12 728
12 204
12 300
13 704
13 377
13 772
14 452
14 292
15 884
15 806
15 822
15 920
15 634
15 171
15 399
16 24
16 654
16 799
17 198
17 710
17 713
17 543
18 137
18 618
18 603
19 978
19 648
19 990
20 290
20 295
20 812
20 637
20 511
21 571
21 597
21 702
22 608
22 301
22 525
23 553
23 558
23 973
24 800
24 513
24 309
24 839
24 40
24 683
24 589
25 752
25 102
25 217
26 376
26 489
26 213
26 721
26 636
27 273
27 259
27 100
27 35
27 969
27 177
28 154
28 39
28 699
28 846
28 783
29 793
29 149
30 609
30 758
30 509
30 415
31 228
31 264
31 473
31 346
31 587
32 241
32 658
32 197
33 633
33 755
33 101
34 578
34 863
35 57
36 640
36 622
37 379
37 911
37 206
37 503
38 465
38 790
38 473
38 532
38 365
39 596
39 539
40 437
40 523
40 314
41 795
41 930
41 644
42 594
42 596
42 972
42 412
42 382
43 347
43 524
44 176
44 434
44 158
44 422
44 681
44 189
44 190
45 307
45 125
45 143
46 563
46 312
46 617
46 938
46 867
46 319
47 176
47 394
47 411
48 336
48 689
48 278
48 575
48 95
49 913
49 817
49 235
49 159
50 337
50 662
50 854
50 71
50 905
50 285
51 592
51 661
51 524
52 740
52 693
52 262
52 764
52 974
53 517
53 426
53 494
53 591
54 806
54 791
54 715
54 494
55 280
55 408
55 739
56 784
56 549
56 182
56 463
57 214
57 662
57 151
57 540
58 906
58 540
58 318
59 452
59 326
59 319
60 128
60 624
60 903
60 492
61 859
61 427
61 580
62 768
62 756
62 135
62 762
62 925
63 481
63 372
63 417
63 407
63 225
63 404
63 241
63 862
63 447
64 501
64 410
64 443
64 140
65 816
65 481
65 438
65 567
65 264
65 267
65 991
66 802
66 311
66 936
66 329
66 959
66 927
67 227
67 996
67 204
67 926
68 672
68 309
68 652
68 581
68 405
69 96
69 178
69 351
70 472
70 494
70 998
71 688
71 947
71 452
71 284
72 960
72 102
72 663
72 249
72 990
72 767
73 737
73 164
73 85
73 760
73 980
73 813
74 411
74 140
74 111
75 320
75 622
75 207
76 832
76 756
76 810
76 620
77 914
77 628
77 902
77 200
77 921
78 164
78 919
78 856
78 254
79 358
79 167
79 362
79 636
79 109
80 433
80 998
80 614
80 215
80 459
80 833
81 593
81 942
82 274
82 405
82 792
82 828
82 348
83 231
83 633
83 266
83 327
83 284
83 879
84 467
84 767
85 993
86 152
86 714
86 187
87 905
87 308
87 521
87 424
87 201
88 136
88 298
88 651
89 387
89 676
89 313
89 202
89 590
90 884
90 739
90 575
91 284
91 437
91 863
92 465
92 274
92 774
92 262
92 914
92 494
93 321
93 770
93 759
93 811
94 402
94 149
94 140
94 239
95 598
95 919
95 874
96 656
96 308
96 840
97 977
97 463
98 451
98 950
98 118
98 719
99 963
99 548
99 909
100 418
100 819
100 473
101 968
101 717
101 926
102 584
103 914
103 583
104 997
104 327
104 585
104 972
105 944
105 456
105 907
105 559
106 181
106 588
106 812
106 750
107 514
107 985
107 396
107 334
108 644
108 649
108 795
109 737
109 148
109 732
110 993
110 885
110 364
110 795
111 785
111 147
111 502
111 775
112 393
112 741
112 601
112 271
113 288
113 596
113 311
113 408
113 670
114 952
114 358
114 616
114 153
114 250
114 331
115 802
115 804
115 506
115 255
116 689
116 259
116 145
116 698
117 486
117 810
117 522
117 303
118 296
118 531
118 197
118 294
118 883
119 492
119 764
119 142
120 240
120 449
120 595
120 132
120 124
121 970
121 365
121 766
122 941
122 550
122 847
123 438
123 359
123 602
123 731
123 638
123 861
125 785
125 324
125 529
125 535
125 361
126 392
126 273
126 732
126 405
127 936
127 403
127 344
127 332
128 529
128 597
128 951
128 376
128 287
129 486
129 285
129 222
130 155
130 348
130 149
131 263
131 729
131 555
132 582
132 965
133 250
133 716
134 432
134 976
134 581
134 742
134 765
134 789
135 388
135 661
135 521
135 186
135 831
135 445
136 882
136 754
137 608
137 242
137 182
138 452
138 485
138 634
138 157
138 719
139 688
139 377
139 378
139 255
139 415
140 843
141 692
141 229
141 235
141 734
142 360
142 479
143 356
143 374
143 952
144 448
144 740
144 734
144 152
144 522
144 268
144 973
145 859
146 339
146 853
146 443
147 951
147 397
148 657
148 803
148 756
148 174
149 497
149 339
150 416
150 834
150 437
150 760
150 458
150 693
151 464
151 531
151 941
152 441
152 956
152 533
153 338
153 940
153 908
154 224
154 556
154 535
155 315
155 916
156 729
156 922
156 268
157 313
157 955
157 780
157 302
158 752
158 658
159 915
159 804
160 401
160 903
161 182
161 170
161 620
162 353
162 674
162 872
162 924
163 747
163 169
163 683
163 988
164 687
164 173
164 621
165 705
165 980
165 186
166 841
166 203
166 317
167 488
167 395
167 988
168 837
168 934
168 430
168 686
169 298
169 333
170 860
170 591
170 676
171 801
171 314
172 228
172 350
172 822
173 263
173 408
174 314
174 765
174 846
175 465
175 291
175 582
175 961
175 558
176 518
176 296
176 863
177 758
177 359
177 970
177 653
178 462
178 235
178 782
179 483
179 293
179 523
179 751
180 922
180 891
180 674
181 640
181 245
181 437
182 639
183 803
183 506
183 414
184 994
184 691
184 310
184 938
185 395
185 776
185 637
186 603
186 491
187 528
187 820
188 816
188 682
188 937
188 442
189 200
189 743
189 632
190 242
190 981
191 966
191 605
191 625
192 340
192 638
192 917
193 774
193 663
194 994
194 990
194 711
194 891
194 718
194 783
195 373
195 762
195 267
195 860
195 826
196 536
196 336
196 692
196 822
196 431
197 338
197 830
197 325
197 287
197 460
197 910
197 469
198 308
198 725
199 587
199 557
199 254
200 384
201 327
201 332
202 410
202 429
202 495
203 315
203 490
203 779
203 284
204 944
204 870
204 874
205 458
205 939
205 685
206 961
206 258
206 714
207 738
207 609
207 526
208 320
208 609
208 757
208 284
208 389
209 345
209 908
209 495
210 993
210 865
211 436
211 271
212 306
212 264
212 457
213 693
213 518
214 934
214 503
215 528
215 532
215 487
215 730
215 670
216 675
216 260
216 584
216 270
216 623
217 708
217 759
218 309
218 423
218 460
219 848
219 409
219 968
220 624
220 530
220 955
221 978
221 296
221 255
222 720
222 562
222 725
222 618
223 565
223 958
223 949
224 896
224 897
224 888
224 985
225 920
225 630
226 908
226 810
227 515
227 870
228 989
228 365
229 849
229 511
229 799
230 275
230 347
230 829
231 674
231 757
231 604
232 677
232 678
232 671
232 293
233 762
233 347
233 962
234 994
234 547
234 855
234 367
235 304
235 707
235 794
236 760
236 873
236 858
236 559
237 863
237 823
238 556
238 286
239 386
239 709
239 616
239 700
240 808
240 908
240 253
241 370
241 813
242 371
242 454
242 665
243 896
243 651
243 797
244 353
244 946
244 371
244 988
244 270
245 806
245 630
246 986
246 779
246 701
247 514
247 263
248 928
248 641
248 332
249 930
249 334
250 848
251 612
251 646
251 711
251 279
252 985
252 429
252 367
253 736
253 917
254 884
254 954
254 570
255 799
256 554
256 500
257 891
257 765
258 500
258 375
258 619
258 366
258 453
259 370
259 821
259 561
259 639
260 999
260 970
261 352
261 899
262 904
262 539
263 896
263 968
263 931
263 901
263 664
264 291
264 485
264 878
265 450
265 822
265 567
265 953
265 299
265 898
266 764
266 610
267 960
267 738
267 420
267 551
268 515
268 503
268 778
268 926
269 699
269 829
270 585
271 533
271 278
272 855
272 650
272 379
272 556
272 845
273 322
273 805
273 310
273 855
273 585
273 594
274 737
274 483
275 849
275 279
275 357
276 537
276 578
276 782
276 438
277 620
277 444
278 870
278 716
279 890
280 581
280 655
281 304
281 863
281 676
282 642
282 671
283 632
283 825
283 754
283 718
283 623
285 536
285 681
286 419
286 364
287 464
287 787
287 599
288 789
288 695
288 377
289 521
289 750
289 879
290 977
290 932
290 550
290 712
290 332
292 848
292 323
292 420
292 406
292 407
292 516
292 733
293 756
293 826
294 499
295 722
295 733
295 367
296 512
296 879
296 379
296 783
297 836
297 357
297 362
297 956
298 676
298 313
299 896
299 390
299 502
300 396
301 938
302 794
303 887
303 522
303 540
303 702
304 780
305 593
305 997
305 615
305 428
306 483
306 778
306 957
307 644
307 319
308 781
310 611
310 324
310 717
311 821
311 919
312 950
313 423
314 808
314 697
315 940
316 976
316 826
316 803
317 979
317 708
317 633
317 638
318 817
318 743
318 874
319 865
320 858
320 397
321 712
321 922
321 812
322 474
322 602
323 525
323 606
324 610
324 916
324 984
325 850
325 491
326 880
326 817
326 465
326 852
327 508
328 688
328 465
328 418
329 886
329 541
330 392
330 764
330 867
331 406
331 696
332 351
333 706
333 611
334 436
335 514
335 837
335 439
335 794
335 375
336 484
337 857
337 794
337 831
339 427
339 702
340 950
340 761
341 464
341 882
341 628
341 542
342 353
342 419
342 769
342 844
343 929
343 851
343 885
343 917
344 581
344 455
344 556
345 904
345 908
346 568
346 949
346 927
347 787
348 993
348 677
348 642
349 802
349 426
350 541
350 991
351 833
351 993
351 792
352 619
352 460
352 402
353 499
353 701
354 357
354 508
354 446
355 936
355 837
355 406
356 848
356 913
356 932
356 951
357 702
359 981
359 571
359 664
359 607
359 437
360 501
360 790
360 645
361 690
361 715
361 591
362 401
362 508
362 957
363 433
363 379
363 909
364 816
364 541
364 815
365 799
366 544
366 369
366 756
366 501
366 503
367 812
367 477
368 859
368 471
369 732
370 565
370 424
370 478
371 746
372 754
372 967
373 549
374 442
375 881
375 453
375 629
375 573
376 596
376 982
376 927
377 962
378 533
378 807
379 593
380 986
380 621
380 471
381 619
381 536
381 435
381 580
381 824
381 795
381 477
382 923
383 485
383 650
383 746
384 485
384 719
384 540
384 975
385 881
385 691
385 636
386 778
386 826
386 798
387 974
387 847
388 545
388 772
388 628
388 554
389 642
389 423
389 909
390 561
390 622
391 403
391 845
391 524
391 557
391 901
392 675
392 468
392 839
393 449
393 971
393 644
393 569
393 413
393 995
394 485
394 810
394 507
394 445
395 992
395 808
395 973
396 403
396 677
396 886
396 575
397 715
397 462
398 921
398 954
398 863
398 858
398 415
399 573
399 637
399 974
400 615
400 860
400 749
401 827
402 469
403 652
404 929
404 820
404 741
404 934
404 617
404 498
404 463
406 442
407 945
407 855
408 774
409 643
409 471
409 858
410 453
410 743
411 975
412 832
412 912
413 688
413 640
413 909
413 670
414 844
414 617
414 876
415 935
416 469
417 851
417 701
418 746
418 925
418 559
419 507
420 605
421 944
421 981
421 435
422 900
422 949
422 491
423 666
424 488
424 426
424 543
424 463
425 931
425 870
426 902
427 529
427 931
427 809
428 512
428 467
428 583
429 528
429 439
430 668
430 508
430 474
430 492
431 972
431 709
432 466
432 461
432 877
433 512
433 820
433 680
433 859
434 612
434 724
434 760
434 908
434 799
435 655
435 878
436 506
436 604
437 570
438 928
438 853
438 588
439 864
439 533
440 707
440 788
440 888
440 915
441 577
442 802
442 895
444 855
444 819
444 878
445 693
445 735
446 691
446 773
446 663
446 938
446 507
447 859
447 782
448 932
449 865
449 827
450 752
451 512
451 890
453 965
453 841
453 943
454 790
454 475
455 694
455 554
455 959
456 872
456 644
456 744
456 859
457 617
458 530
458 634
459 488
459 942
459 893
460 571
460 796
460 622
461 917
461 582
461 807
462 926
463 651
463 567
464 648
465 761
466 665
466 730
466 987
467 758
467 984
467 532
468 632
468 879
469 684
470 676
470 893
470 903
471 608
471 547
471 987
472 873
473 651
475 610
475 500
475 679
476 971
476 606
476 495
477 861
478 993
479 721
479 749
480 579
481 517
481 993
481 684
482 915
482 484
482 789
482 889
482 590
483 736
483 635
484 592
484 971
484 912
484 813
485 716
486 579
486 803
486 677
487 521
487 823
488 865
489 832
490 677
490 987
490 509
490 789
491 659
491 580
491 937
492 704
493 946
493 666
494 594
494 662
495 636
496 737
496 508
496 572
497 883
497 636
498 849
499 992
499 527
499 695
499 895
500 721
501 532
501 963
502 662
502 982
503 641
503 815
504 611
504 864
504 891
504 742
504 507
504 701
505 945
505 741
505 858
506 596
506 894
506 574
507 723
507 650
507 574
508 941
509 732
510 638
510 582
511 808
512 816
513 847
513 820
513 687
514 699
514 991
515 829
515 815
516 660
517 704
517 968
517 856
517 921
518 664
519 618
519 596
519 589
520 664
520 626
521 618
522 814
523 729
524 800
524 714
525 784
525 868
526 913
526 883
527 864
528 784
528 627
530 658
530 952
531 960
531 851
531 698
532 669
532 802
534 771
534 890
534 739
535 729
535 603
536 866
537 956
538 752
538 561
538 806
538 780
539 913
539 647
539 679
539 606
540 553
542 804
542 966
542 809
543 967
543 875
544 833
544 657
544 679
544 620
545 750
546 928
546 644
546 790
546 854
547 850
547 998
547 751
548 807
548 615
549 621
549 805
550 920
551 771
551 717
551 686
552 800
552 920
553 966
554 562
554 931
554 902
554 767
555 887
555 941
556 625
556 870
556 844
556 910
557 747
557 996
557 629
557 991
558 752
558 628
558 798
559 788
560 624
560 880
560 869
560 748
561 962
561 627
562 630
563 698
563 836
563 686
564 657
564 629
564 655
565 601
566 977
566 964
566 901
567 964
568 769
568 895
569 709
569 631
572 940
573 689
573 975
575 834
576 688
576 755
576 700
577 880
577 828
578 596
578 613
578 951
579 666
579 747
580 897
581 633
582 812
583 951
583 620
584 600
584 668
585 754
585 595
586 980
586 860
588 660
588 870
588 903
590 704
590 723
590 788
590 887
591 748
593 776
594 833
594 706
594 633
595 626
595 839
597 986
598 704
598 965
599 645
599 955
599 750
600 982
600 855
601 935
601 669
601 719
602 690
602 745
603 656
603 942
604 702
605 960
607 868
607 617
608 830
609 815
610 994
610 903
611 752
612 968
613 675
613 823
614 708
614 805
614 649
614 685
616 881
616 900
616 869
616 753
618 821
618 916
618 653
619 947
622 848
622 962
622 941
623 789
623 638
624 759
625 706
627 772
627 775
628 927
629 831
630 727
630 714
631 704
631 656
632 690
632 854
632 649
632 954
634 964
635 849
637 675
639 966
639 814
640 690
640 919
641 803
641 730
641 810
642 966
643 807
644 719
645 819
645 969
646 971
647 698
648 703
649 959
650 972
651 978
651 918
651 678
651 734
652 676
652 791
652 775
652 793
653 713
654 739
654 892
655 810
656 932
657 945
657 919
657 699
658 880
658 963
658 954
659 941
660 728
661 769
661 761
663 940
665 863
666 928
667 984
667 964
669 692
669 860
670 848
671 795
672 860
673 708
673 823
674 681
675 955
676 871
677 777
678 766
680 866
680 836
680 807
681 836
682 860
682 861
683 711
684 924
685 827
685 743
685 843
685 946
685 863
686 813
687 751
688 801
688 898
688 792
688 717
690 969
692 983
694 930
694 807
694 939
695 879
696 945
696 769
696 862
697 779
697 850
700 786
700 964
701 835
702 720
702 871
703 721
703 970
705 939
705 909
706 762
706 908
709 844
710 855
711 721
711 787
712 854
712 777
712 991
713 742
713 936
714 930
714 803
714 907
715 725
717 804
718 766
720 748
721 903
721 763
722 874
723 838
723 872
724 912
724 754
725 766
725 844
726 858
726 799
727 776
727 986
728 867
730 915
730 782
731 746
731 895
732 979
734 840
735 911
736 940
738 960
739 757
739 765
744 771
744 988
744 995
745 923
745 906
746 968
747 831
748 752
749 956
751 847
751 781
752 989
753 820
755 914
755 783
759 896
759 786
759 836
760 830
761 910
763 835
763 860
763 988
765 801
773 965
775 934
775 828
776 900
776 968
778 798
779 904
780 924
781 926
784 931
787 976
789 847
790 902
791 842
792 856
793 801
796 967
797 841
797 811
801 933
801 807
804 999
805 946
806 887
807 937
808 954
810 938
811 947
811 877
811 857
812 873
817 899
818 898
818 838
818 843
819 935
820 985
823 889
824 955
825 986
825 919
828 850
829 923
832 850
832 877
834 958
834 911
836 999
842 882
842 846
846 948
851 877
852 994
852 923
852 876
853 939
853 884
862 898
862 894
868 893
871 948
872 981
874 982
875 896
875 973
876 953
876 980
879 940
880 929
881 892
882 918
885 985
886 918
889 946
890 952
893 922
896 906
899 920
899 904
903 964
907 965
907 969
910 914
917 953
918 971
919 948
923 943
933 958
934 988
935 983
945 986
950 987
953 962
953 957
974 990
996 997
